[fin data]
layer_thickness=0.079375,0.079375,0.079375,0.079375
//min_thickness=0.238125
samples=0,4,8,12,16,20,24,28,32
leadingedge=-3.6,-3.01,-2.5,-2.07,-1.8,-1.64,-1.68,-1.84,-2.13
trailingedge=5.08,5.48,5.75,5.82,5.45,4.69,3.50,2.41,1.98
