[fin data]
layer_thickness=0.079375,0.079375,0.079375
;;min_thickness=0.15
version=1

leadingedge=0,1.65|17.38,1.65,18.31,1.63,19.12,1.59,20.15,1.51,21.36,1.38,22.44,1.15,22.99,0.96,23.5,0.55,23.6,0.32|23.65,-0.55
trailingedge=0,4.94|18.32,3.35,19.12,3.21,20.15,2.99,21.36,2.55,22.44,1.99,22.99,1.51,23.5,0.8,23.6,0.52|23.65,0.55

