[fin data]
;; Ray Jordan Marblehead fin

layer_thickness=0.079375,0.079375,0.079375,0.079375,0.079375
min_thickness=0.238125

samples=0,3.175,6.35,9.525,12.7,19.05,25.4,31.75,38.1,44.45
leadingedge=-6.99,-6.99,-6.99,-6.99,-6.99,-6.99,-6.99,-6.99,-6.99,-6.99
trailingedge=3.175,3.797,4.204,4.399,4.445,4.289,3.788,2.908,1.644,0
